control:
  rc_handler:
    ros__parameters:
      origin: [37.307689, -5.940203, 85.37814771871618] #Lago de la vida Grande
      # origin: [37.3047028, -5.9404694, 85.37814771871618] #Lago de la vida Pequeño
      # origin: [37.3088513, -5.9398486, 85.37814771871618] #Lago de la vida Alto
      # origin: [37.4191583,  -5.9989917, 63.49701432163044] #Lago de Alamillo Izq
      # origin: [37.4190694, -5.9984778, 63.49701432163044] #Lago de Alamillo Der
  observer_guille:
    ros__parameters:
      Ts: 100.0         #ms
      Xu6: -0.0725
      Xu7: 0.7015
      Xv10: 0.0462
      Xv11: -0.1905
      Xv12: -0.0164
      Xv13: -0.2529
      Xr10: -0.4360
      Xr11: -0.3715
      Xr12: 0.4072
      Xr13: 1.6035
      Dz_up: 0.0750
      Dz_down: -0.08
      PpWp_c1: [6.7189695799299, 0.0, 5.10273077523022, 0.0, 1.56374424601122, 0.0]
      PpWp_c2: [0.0, 6.7189695799299, 0.0, 5.10273077523022, 0.0, 1.56374424601122]
      Lpsi: [10.3703722644616, 42.7624634299732, 76.0083201484121]
  observer_liu:
    ros__parameters:
      Ts: 100.0         #ms
      Xu6: -0.0725
      Xu7: 0.7015
      Xv10: 0.0462
      Xv11: -0.1905
      Xv12: -0.0164
      Xv13: -0.2529
      Xr10: -0.4360
      Xr11: -0.3715
      Xr12: 0.4072
      Xr13: 1.6035
      Dz_up: 0.0750
      Dz_down: -0.08
      PpWp_c1: [6.65069285238785, 0.0, 9.40914064150192, 0.0, 4.5999936111014, 0.0]
      PpWp_c2: [0.0, 6.65069285238867, 0.0, 9.40914064149671, 0.0, 4.59999396110901]
      Lpsi: [10.3703722644616, 42.7624634299732, 76.0083201484121]
  observer_zono:
    ros__parameters:
      Ts: 100.0         #ms
      Xu6: -0.0725
      Xu7: 0.7015
      Xv10: 0.0462
      Xv11: -0.1905
      Xv12: -0.0164
      Xv13: -0.2529
      Xr10: -0.4360
      Xr11: -0.3715
      Xr12: 0.4072
      Xr13: 1.6035
      Dz_up: 0.0750
      Dz_down: -0.08
      Max_n_r: 0.1
      Max_n_p: 0.2
      Max_w_r: 1.2
      Max_w_p: 0.4
      q: 300
      Wpsi_di: [1.0, 1.0, 1.0]
      Wp_di: [1.0, 1.0, 100.0, 100.0, 1.0, 1.0]
  ref_llc:
    ros__parameters:
      reference_mode: True     #False sin mode and True lineal mode
  ifac_llc:
    ros__parameters:
      Ts: 100.0         #ms
      ku: 0.4
      ki: 0.02
      kpsi: 0.1
      kr: 0.8
      taud: 200
      Su_en: 1.0
      Sr_en: 0.1
      mf0: 0.00037063
      mf1: 1.409
      mf2: 0.0
      mf3: 0.282
      mf4: 0.0
      mf5: 0.070991
      mr0: 0.0044978
      mr1: 1.3864
      mr2: -0.034161
      mr3: 0.26794
      mr4: 0.078306
      mr5: 0.095816
      df0: 0.0
      df1: 0.0
      df2: 1.1528
      df3: 0.0
      df4: 1.4669
      df5: 0.0
      dr0: 0.026844
      dr1: -0.95661
      dr2: 1.0276
      dr3: 1.2931
      dr4: 1.4608
      dr5: 0.5566
      IGumax_ff: 0.58687
      IGumax_rf: 0.29343
      IGumin_rf: -0.35341
      IGrmax_ff: 0.58266
      IGrmax_rf: 1.10746
      Dz_up: 0.0750
      Dz_down: -0.08
  mpc_llc:
    ros__parameters:
      Ts: 100.0         #ms
      W_psi: 100.0
      W_u: 100.0
      W_r: 100.0
      W_media: 100.0
      W_dif: 100.0
      NC: 3
      NP: 3
      Xu6: -0.0725
      Xu7: 0.7015
      Xr10: -0.4360
      Xr11: -0.3715
      Xr12: 0.4072
      Xr13: 1.6035
      Dz_up: 0.0750
      Dz_down: -0.08
  wang_mlc:
    ros__parameters:
      Ts: 100.0         #ms
      delta_SGLOS: 1.0
      k_u_tar: 2.0
      taud: 7.0
      path_d: 0 
      flag: False     #True signo igual False invertido
  ref_mlc:
    ros__parameters:
      Dis_ref: True     #Referencia por escalones o continua
  
