control:
  observer_guille:
    ros__parameters:
      Ts: 100.0         #ms
      m: 24.39        #kg
      Xu: -1.0        #kg
      Yv: -10.92      #kg
      Nr: -3.95       #kg
      xg: 0.0196      #m
      Iz: 1.81        #kgm2
      PpWp_c1: [6.567173587771372, 0.0, 12.050184632655890, 0.0, 6.992727395821864, 0.0]
      PpWp_c2: [0.0, 6.567173587771372, 0.0, 12.050184632655867, 0.0, 6.992727395821881]
      Lpsi: [10.370372264461590, 42.762463429973230, 76.008320148412050]
  observer_liu:
    ros__parameters:
      Ts: 100.0         #ms
      m: 24.39        #kg
      Xu: -1.0        #kg
      Yv: -10.92      #kg
      Nr: -3.95       #kg
      xg: 0.0196      #m
      Iz: 1.7        #kgm2
      PpWp_c1: [6.567173587771372, 0.0, 12.050184632655890, 0.0, 6.992727395821864, 0.0]
      PpWp_c2: [0.0, 6.567173587771372, 0.0, 12.050184632655867, 0.0, 6.992727395821881]
      Lpsi: [10.370372264461590, 42.762463429973230, 76.008320148412050]
  