control:
  rc_handler:
    ros__parameters:
      origin: [37.307689, -5.940203, 85.37814771871618] #Lago de la vida Grande
      # origin: [37.3047028, -5.9404694, 85.37814771871618] #Lago de la vida Pequeño
      # origin: [37.3088513, -5.9398486, 85.37814771871618] #Lago de la vida Alto
      # origin: [37.4191583,  -5.9989917, 63.49701432163044] #Lago de Alamillo Izq
      # origin: [37.4190694, -5.9984778, 63.49701432163044] #Lago de Alamillo Der
  observer_guille:
    ros__parameters:
      Ts: 100.0         #ms
      Xu6: -0.0754
      Xu7: 0.8001
      Xv10: 0.0085
      Xv11: 0.3050
      Xv12: -0.0849
      Xv13: -0.2009
      Xr10: -0.9950
      Xr11: -0.0848
      Xr12: 0.3724
      Xr13: 2.0723
      Dz_up: 0.0775
      Dz_down: -0.0925
      PpWp_c1: [6.7189695799299, 0.0, 5.10273077523022, 0.0, 1.56374424601122, 0.0]
      PpWp_c2: [0.0, 6.7189695799299, 0.0, 5.10273077523022, 0.0, 1.56374424601122]
      Lpsi: [10.3703722644616, 42.7624634299732, 76.0083201484121]
  observer_liu:
    ros__parameters:
      Ts: 100.0         #ms
      Xu6: -0.0754
      Xu7: 0.8001
      Xv10: 0.0085
      Xv11: 0.3050
      Xv12: -0.0849
      Xv13: -0.2009
      Xr10: -0.9950
      Xr11: -0.0848
      Xr12: 0.3724
      Xr13: 2.0723
      Dz_up: 0.0775
      Dz_down: -0.0925
      PpWp_c1: [6.65069285238785, 0.0, 9.40914064150192, 0.0, 4.5999936111014, 0.0]
      PpWp_c2: [0.0, 6.65069285238867, 0.0, 9.40914064149671, 0.0, 4.59999396110901]
      Lpsi: [10.3703722644616, 42.7624634299732, 76.0083201484121]
  observer_zono:
    ros__parameters:
      Ts: 100.0         #ms
      Xu6: -0.0754
      Xu7: 0.8001
      Xv10: 0.0085
      Xv11: 0.3050
      Xv12: -0.0849
      Xv13: -0.2009
      Xr10: -0.9950
      Xr11: -0.0848
      Xr12: 0.3724
      Xr13: 2.0723
      Dz_up: 0.0775
      Dz_down: -0.0925
      Max_n_r: 0.1
      Max_n_p: 0.2
      Max_w_r: 1.2
      Max_w_p: 0.4
      q: 300
      met: 1
      Wpsi_di: [1.0, 1.0, 1.0]
      Wp_di: [1.0, 1.0, 100.0, 100.0, 1.0, 1.0]
  ref_llc:
    ros__parameters:
      reference_mode: True     #False sin mode and True lineal mode
  ifac_llc:
    ros__parameters:
      Ts: 100.0         #ms
      ku: 0.4
      ki: 0.02
      kpsi: 0.1
      kr: 0.8
      taud: 200
      Su_en: 1.0
      Sr_en: 0.1
      mf0: 0.00098059
      mf1: 1.2358
      mf2: 0.0
      mf3: 0.19317
      mf4: 0.0
      mf5: 0.02595
      mr0: 0.011382
      mr1: 1.265
      mr2: -0.066799
      mr3: 0.25225
      mr4: -0.045619
      mr5: 0.1074
      df0: 0.0
      df1: 0.0
      df2: 0.9628
      df3: 0.0
      df4: 0.11667
      df5: 0.0
      dr0: 0.11383
      dr1: -0.30641
      dr2: 0.29625
      dr3: 2.4407
      dr4: -0.29904
      dr5: 1.0723
      IGumax_ff: 0.67389
      IGumax_rf: 0.33695
      IGumin_rf: -0.39408
      IGrmax_ff: 0.91974
      IGrmax_rf: 1.06466
      Dz_up: 0.0775
      Dz_down: -0.0925
  mpc_llc:
    ros__parameters:
      Ts: 100.0         #ms
      W_psi: 100.0
      W_u: 100.0
      W_r: 100.0
      W_media: 100.0
      W_dif: 100.0
      NC: 3
      NP: 3
      Xu6: -0.0754
      Xu7: 0.8001
      Xr10: -0.9950
      Xr11: -0.0848
      Xr12: 0.3724
      Xr13: 2.0723
      Dz_up: 0.0775
      Dz_down: -0.0925
  wang_mlc:
    ros__parameters:
      Ts: 100.0         #ms
      delta_SGLOS: 1.0
      k_u_tar: 2.0
      taud: 5.0
      path_d: 0 
      flag: False     #True signo igual False invertido
  ref_mlc:
    ros__parameters:
      Dis_ref: True     #Referencia por escalones o continua
  
