control:
  rc_handler:
    ros__parameters:
      origin: [37.307689, -5.940203, 85.37814771871618] #Lago de la vida Grande
      # origin: [37.3047028, -5.9404694, 85.37814771871618] #Lago de la vida Pequeño
      # origin: [37.3088513, -5.9398486, 85.37814771871618] #Lago de la vida Alto
      # origin: [37.4191583,  -5.9989917, 63.49701432163044] #Lago de Alamillo Izq
      # origin: [37.4190694, -5.9984778, 63.49701432163044] #Lago de Alamillo Der
  observer_guille:
    ros__parameters:
      Ts: 100.0         #ms
      Xu6: 0.0977
      Xu7: 0.7301
      Xv10: 0.0461
      Xv11: 0.0200
      Xv12: -0.0565
      Xv13: -0.2508
      Xr10: -0.3822
      Xr11: -0.1237
      Xr12: 0.2898
      Xr13: 1.5169
      Dz_up: 0.0675
      Dz_down: -0.0625
      PpWp_c1: [6.7189695799299, 0.0, 5.10273077523022, 0.0, 1.56374424601122, 0.0]
      PpWp_c2: [0.0, 6.7189695799299, 0.0, 5.10273077523022, 0.0, 1.56374424601122]
      Lpsi: [10.3703722644616, 42.7624634299732, 76.0083201484121]
  observer_liu:
    ros__parameters:
      Ts: 100.0         #ms
      Xu6: 0.0977
      Xu7: 0.7301
      Xv10: 0.0461
      Xv11: 0.0200
      Xv12: -0.0565
      Xv13: -0.2508
      Xr10: -0.3822
      Xr11: -0.1237
      Xr12: 0.2898
      Xr13: 1.5169
      Dz_up: 0.0675
      Dz_down: -0.0625
      PpWp_c1: [6.65069285238785, 0.0, 9.40914064150192, 0.0, 4.5999936111014, 0.0]
      PpWp_c2: [0.0, 6.65069285238867, 0.0, 9.40914064149671, 0.0, 4.59999396110901]
      Lpsi: [10.3703722644616, 42.7624634299732, 76.0083201484121]
  ref_llc:
    ros__parameters:
      reference_mode: True     #False sin mode and True lineal mode
  ifac_llc:
    ros__parameters:
      Ts: 100.0         #ms
      ku: 4.0
      ki: 0.2
      kpsi: 1.0
      kr: 8.0
      taud: 200
      Su_en: 1.0
      Sr_en: 1.0
      mf0: 0.0018443
      mf1: 1.3476
      mf2: 0.0
      mf3: -0.17578
      mf4: 0.0
      mf5: -0.060372
      mr0: -0.006142
      mr1: 1.3702
      mr2: 0.044688
      mr3: -0.3422
      mr4: 0.077699
      mr5: -0.13372
      df0: 0.0
      df1: 0.0
      df2: 1.314
      df3: 0.0
      df4: 0.30582
      df5: 0.0
      dr0: 0.021153
      dr1: -0.54451
      dr2: 1.1624
      dr3: 1.2779
      dr4: 0.08685
      dr5: 0.50538
      IGumax_ff: 0.76575
      IGumax_rf: 0.38287
      IGumin_rf: -0.29930
      IGrmax_ff: 0.65347
      IGrmax_rf: 1.08399
      Dz_up: 0.0675
      Dz_down: -0.0625
  mpc_llc:
    ros__parameters:
      Ts: 100.0         #ms
      W_psi: 0.00001
      W_u: 0.00001
      W_dL: 0.000001
      W_dR: 0.000001
      NC: 3
      NP: 3
      Xu6: 0.0977
      Xu7: 0.7301
      Xr10: -0.3822
      Xr11: -0.1237
      Xr12: 0.2898
      Xr13: 1.5169
      Dz_up: 0.0675
      Dz_down: -0.0625
  wang_mlc:
    ros__parameters:
      Ts: 100.0         #ms
      delta_SGLOS: 1.0
      k_u_tar: 2.0
      taud: 5.0
      path_d: 0 
      flag: False     #True signo igual False invertido
  ref_mlc:
    ros__parameters:
      Dis_ref: True     #Referencia por escalones o continua
  
