control:
  observer_guille:
    ros__parameters:
      Ts: 100.0         #ms
      Xu6: -0.0166263484863104
      Xu7:  0.0592216770505099
      Xv10: 0.0115520736454634
      Xv11: -0.0120282106527856 
      Xv12: -0.0233390303141609
      Xv13: -0.0625237340544108
      Xr10: -0.0261824096106969
      Xr11: 0.0127391511137106
      Xr12: 0.0647243970712883
      Xr13: 0.190555832330969
      PpWp_c1: [6.56717358777137, 0.0, 12.0501846326559, 0.0, 6.99272739582186, 0.0]
      PpWp_c2: [0.0, 6.56717358777137, 0.0, 12.0501846326559, 0.0, 6.99272739582186]
      Lpsi: [10.3703722644616, 42.7624634299732, 76.0083201484121]
  observer_liu:
    ros__parameters:
      Ts: 100.0         #ms
      Xu6: -0.0166263484863104
      Xu7:  0.0592216770505099
      Xv10: 0.0115520736454634
      Xv11: -0.0120282106527856 
      Xv12: -0.0233390303141609
      Xv13: -0.0625237340544108
      Xr10: -0.0261824096106969
      Xr11: 0.0127391511137106
      Xr12: 0.0647243970712883
      Xr13: 0.190555832330969
      PpWp_c1: [37.5, 0.0, 468.75, 0.0, 1953.125, 0.0]
      PpWp_c2: [0.0, 37.5, 0.0, 468.75, 0.0, 1953.125]
      Lpsi: [37.5, 468.75, 1953.125]
  reference_vel:
    ros__parameters:
      reference_mode: True     #False sin mode and True lineal mode
  ifac_llc:
    ros__parameters:
      Ts: 100.0         #ms
      sm_gain_ku: 2.0
      sm_gain_kpsi: 1.0
      sm_gain_kr: 4.0
      taud: 350
      Xu6: -0.0166263484863104
      Xu7:  0.0592216770505099
      Xr11: 0.0127391511137106
      Xr13: 0.190555832330969
  