control:
  rc_handler:
    ros__parameters:
      origin: [37.307689, -5.940203, 85.37814771871618] #Lago de la vida Grande
      # origin: [37.3047028, -5.9404694, 85.37814771871618] #Lago de la vida Pequeño
      # origin: [37.3088513, -5.9398486, 85.37814771871618] #Lago de la vida Alto
      # origin: [37.4191583,  -5.9989917, 63.49701432163044] #Lago de Alamillo Izq
      # origin: [37.4190694, -5.9984778, 63.49701432163044] #Lago de Alamillo Der
  observer_guille:
    ros__parameters:
      Ts: 100.0         #ms
      Xu6: 0.019537075338790
      Xu7: 0.146016979740135
      Xv10: 0.009228299906997
      Xv11: 0.004006550939362
      Xv12: -0.011291565537716
      Xv13: -0.050155892080935
      Xr10:  -0.076441896272905
      Xr11:  -0.024737343124648
      Xr12:  0.057962465829558
      Xr13:  0.303374881319645
      Dz_up: 0.0675
      Dz_down: -0.0625
      PpWp_c1: [6.7189695799299, 0.0, 5.10273077523022, 0.0, 1.56374424601122, 0.0]
      PpWp_c2: [0.0, 6.7189695799299, 0.0, 5.10273077523022, 0.0, 1.56374424601122]
      Lpsi: [10.3703722644616, 42.7624634299732, 76.0083201484121]
  observer_liu:
    ros__parameters:
      Ts: 100.0         #ms
      Xu6: 0.019537075338790
      Xu7: 0.146016979740135
      Xv10: 0.009228299906997
      Xv11: 0.004006550939362
      Xv12: -0.011291565537716
      Xv13: -0.050155892080935
      Xr10:  -0.076441896272905
      Xr11:  -0.024737343124648
      Xr12:  0.057962465829558
      Xr13:  0.303374881319645
      Dz_up: 0.0675
      Dz_down: -0.0625
      PpWp_c1: [6.65069285238785, 0.0, 9.40914064150192, 0.0, 4.5999936111014, 0.0]
      PpWp_c2: [0.0, 6.65069285238867, 0.0, 9.40914064149671, 0.0, 4.59999396110901]
      Lpsi: [10.3703722644616, 42.7624634299732, 76.0083201484121]
  ref_llc:
    ros__parameters:
      reference_mode: True     #False sin mode and True lineal mode
  ifac_llc:
    ros__parameters:
      Ts: 100.0         #ms
      ku: 0.4
      ki: 0.02
      kpsi: 0.3
      kr: 1.2
      taud: 200
      Su_en: 1.0
      Sr_en: 1.0
      mf0: 0.0018443
      mf1: 6.7382
      mf2: 0.0
      mf3: -4.3946
      mf4: 0.0
      mf5: -1.5093
      mr0: -0.006142
      mr1: 6.8512
      mr2: 0.22344
      mr3: -8.5549
      mr4: 1.9425
      mr5: -3.343
      df0: 0.0
      df1: 0.0
      df2: 6.5701
      df3: 0.0
      df4: 7.6456
      df5: 0.0
      dr0: 0.021153
      dr1: -2.7226
      dr2: 5.8118
      dr3: 31.946
      dr4: 2.1713
      dr5: 12.635
      IGumax_ff: 0.15315
      IGumax_rf: 0.07657
      IGumin_rf: -0.05986
      IGrmax_ff: 0.13069
      IGrmax_rf: 0.2168
      Dz_up: 0.0675
      Dz_down: -0.0625
  mpc_llc:
    ros__parameters:
      Ts: 100.0         #ms
      W_psi: 200.0
      W_u: 200.0
      W_dL: 1.0
      W_dR: 1.0
      NC: 3
      NP: 3
      Xu6: 0.019537075338790
      Xu7: 0.146016979740135
      Xr10:  -0.076441896272905
      Xr11:  -0.024737343124648
      Xr12:  0.057962465829558
      Xr13:  0.303374881319645
      Dz_up: 0.0675
      Dz_down: -0.0625
  wang_mlc:
    ros__parameters:
      Ts: 100.0         #ms
      delta_SGLOS: 1.0
      k_u_tar: 2.0
      taud: 5.0
      path_d: 0 
      flag: False     #True signo igual False invertido
  ref_mlc:
    ros__parameters:
      Dis_ref: True     #Referencia por escalones o continua
  
