control:
  rc_handler:
    ros__parameters:
      origin: [37.307689, -5.940203, 85.37814771871618] #Lago de la vida Grande
      # origin: [37.3047028, -5.9404694, 85.37814771871618] #Lago de la vida Pequeño
      # origin: [37.3088513, -5.9398486, 85.37814771871618] #Lago de la vida Alto
      # origin: [37.4191583,  -5.9989917, 63.49701432163044] #Lago de Alamillo Izq
      # origin: [37.4190694, -5.9984778, 63.49701432163044] #Lago de Alamillo Der
  observer_guille:
    ros__parameters:
      Ts: 100.0         #ms
      Xu6: -0.0145067668311677
      Xu7: 0.140308556849870
      Xv10: 0.00924376212557349
      Xv11: -0.0381074161072495
      Xv12: -0.00328434815704277
      Xv13: -0.0505780206553153
      Xr10: -0.0872008580740181
      Xr11: -0.0743070518292574
      Xr12: 0.0814332631751307
      Xr13: 0.320693360039984
      Dz_up: 0.0750
      Dz_down: -0.08
      PpWp_c1: [6.7189695799299, 0.0, 5.10273077523022, 0.0, 1.56374424601122, 0.0]
      PpWp_c2: [0.0, 6.7189695799299, 0.0, 5.10273077523022, 0.0, 1.56374424601122]
      Lpsi: [10.3703722644616, 42.7624634299732, 76.0083201484121]
  observer_liu:
    ros__parameters:
      Ts: 100.0         #ms
      Xu6: -0.0145067668311677
      Xu7: 0.140308556849870
      Xv10: 0.00924376212557349
      Xv11: -0.0381074161072495
      Xv12: -0.00328434815704277
      Xv13: -0.0505780206553153
      Xr10: -0.0872008580740181
      Xr11: -0.0743070518292574
      Xr12: 0.0814332631751307
      Xr13: 0.320693360039984
      Dz_up: 0.0750
      Dz_down: -0.08
      PpWp_c1: [6.65069285238785, 0.0, 9.40914064150192, 0.0, 4.5999936111014, 0.0]
      PpWp_c2: [0.0, 6.65069285238867, 0.0, 9.40914064149671, 0.0, 4.59999396110901]
      Lpsi: [10.3703722644616, 42.7624634299732, 76.0083201484121]
  ref_llc:
    ros__parameters:
      reference_mode: True     #False sin mode and True lineal mode
  ifac_llc:
    ros__parameters:
      Ts: 100.0         #ms
      ku: 0.4
      ki: 0.02
      kpsi: 0.3
      kr: 1.2
      taud: 200
      Su_en: 1.0
      Sr_en: 1.0
      mf0: 0.00037063
      mf1: 7.045
      mf2: 0.0
      mf3: 7.05
      mf4: 0.0
      mf5: 1.7748
      mr0: 0.0044978
      mr1: 6.932
      mr2: -0.1708
      mr3: 6.6986
      mr4: 1.9576
      mr5: 2.3954
      df0: 0.0
      df1: 0.0
      df2: 5.7638
      df3: 0.0
      df4: 36.672
      df5: 0.0
      dr0: 0.026844
      dr1: -4.7831
      dr2: 5.1381
      dr3: 32.328
      dr4: 36.52
      dr5: 13.915
      IGumax_ff: 0.11737
      IGumax_rf: 0.05869
      IGumin_rf: -0.07068
      IGrmax_ff: 0.11653
      IGrmax_rf: 0.22149
      Dz_up: 0.0750
      Dz_down: -0.08
  mpc_llc:
    ros__parameters:
      Ts: 100.0         #ms
      W_psi: 3.0
      W_u: 5.0
      W_dL: 7.0
      W_dR: 1.0
      NC: 3
      NP: 3
      Xu6: -0.0145067668311677
      Xu7: 0.140308556849870
      Xr10: -0.0872008580740181
      Xr11: -0.0743070518292574
      Xr12: 0.0814332631751307
      Xr13: 0.320693360039984
      Dz_up: 0.0750
      Dz_down: -0.08
  wang_mlc:
    ros__parameters:
      Ts: 100.0         #ms
      delta_SGLOS: 1.0
      k_u_tar: 2.0
      taud: 7.0
      path_d: 0 
      flag: False     #True signo igual False invertido
  ref_mlc:
    ros__parameters:
      Dis_ref: True     #Referencia por escalones o continua
  
