control:
  observer_guille:
    ros__parameters:
      Ts: 100.0         #ms
      m: 24.39        #kg
      Xu: -1.0        #kg
      Yv: -10.92      #kg
      Nr: -3.95       #kg
      xg: 0.0196      #m
      Iz: 1.81        #kgm2
      PpWp_c1: [6.56717358777137, 0.0, 12.0501846326559, 0.0, 6.99272739582186, 0.0]
      PpWp_c2: [0.0, 6.56717358777137, 0.0, 12.0501846326559, 0.0, 6.99272739582186]
      Lpsi: [10.3703722644616, 42.7624634299732, 76.0083201484121]
  observer_liu:
    ros__parameters:
      Ts: 100.0         #ms
      m: 24.39        #kg
      Xu: -1.0        #kg
      Yv: -10.92      #kg
      Nr: -3.95       #kg
      xg: 0.0196      #m
      Iz: 1.81        #kgm2
      PpWp_c1: [37.5, 0.0, 468.75, 0.0, 1953.125, 0.0]
      PpWp_c2: [0.0, 37.5, 0.0, 468.75, 0.0, 1953.125]
      Lpsi: [37.5, 468.75, 1953.125]
  