control:
  rc_handler:
    ros__parameters:
      origin: [37.307689, -5.940203, 85.37814771871618] #Lago de la vida Grande
      # origin: [37.3047028, -5.9404694, 85.37814771871618] #Lago de la vida Pequeño
      # origin: [37.3088513, -5.9398486, 85.37814771871618] #Lago de la vida Alto
      # origin: [37.4191583,  -5.9989917, 63.49701432163044] #Lago de Alamillo Izq
      # origin: [37.4190694, -5.9984778, 63.49701432163044] #Lago de Alamillo Der
  observer_guille:
    ros__parameters:
      Ts: 100.0         #ms
      Xu6: -0.2512
      Xu7: 9.8975
      Xv10: -0.4921
      Xv11: -0.0834
      Xv12: 0.4130
      Xv13: 1.2429
      Xr10: -1.1492
      Xr11: 0.7996
      Xr12: 1.0400
      Xr13: 4.3457
      Dz_up: 0.022
      Dz_down: -0.022
      PpWp_c1: [6.7189695799299, 0.0, 5.10273077523022, 0.0, 1.56374424601122, 0.0]
      PpWp_c2: [0.0, 6.7189695799299, 0.0, 5.10273077523022, 0.0, 1.56374424601122]
      Lpsi: [10.3703722644616, 42.7624634299732, 76.0083201484121]
  observer_liu:
    ros__parameters:
      Ts: 100.0         #ms
      Xu6: -0.2512
      Xu7: 9.8975
      Xv10: -0.4921
      Xv11: -0.0834
      Xv12: 0.4130
      Xv13: 1.2429
      Xr10: -1.1492
      Xr11: 0.7996
      Xr12: 1.0400
      Xr13: 4.3457
      Dz_up: 0.022
      Dz_down: -0.022
      PpWp_c1: [6.65069285238785, 0.0, 9.40914064150192, 0.0, 4.5999936111014, 0.0]
      PpWp_c2: [0.0, 6.65069285238867, 0.0, 9.40914064149671, 0.0, 4.59999396110901]
      Lpsi: [10.3703722644616, 42.7624634299732, 76.0083201484121]
  ref_llc:
    ros__parameters:
      reference_mode: True     #False sin mode and True lineal mode
  ifac_llc:
    ros__parameters:
      Ts: 100.0         #ms
      ku: 4.0
      ki: 0.2
      kpsi: 3.0
      kr: 12.0
      taud: 200
      Su_en: 1.0
      Sr_en: 1.0
      mf0: 0.00019973
      mf1: 0.10093
      mf2: 0.0
      mf3: 0.00027848
      mf4: 0.0
      mf5: 0.00098402
      mr0: 0.0011736
      mr1: 0.10217
      mr2: -0.0029907
      mr3: 0.00050515
      mr4: -0.0014523
      mr5: 0.0030424
      df0: 0.0
      df1: 0.0
      df2: 0.45039
      df3: 0.0
      df4: -0.012575
      df5: 0.0
      dr0: 0.020159
      dr1: -0.023791
      dr2: 0.40411
      dr3: 0.014223
      dr4: -0.050977
      dr5: 0.05969
      IGumax_ff: 9.43952
      IGumax_rf: 4.71976
      IGumin_rf: -4.96001
      IGrmax_ff: 2.50745
      IGrmax_rf: 3.15096
      Dz_up: 0.022
      Dz_down: -0.022
  mpc_llc:
    ros__parameters:
      Ts: 100.0         #ms
      W_psi: 3.0
      W_u: 5.0
      W_dL: 7.0
      W_dR: 1.0
      NC: 3
      NP: 3
      Xu6: -0.2512
      Xu7: 9.8975
      Xr10: -1.1492
      Xr11: 0.7996
      Xr12: 1.0400
      Xr13: 4.3457
      Dz_up: 0.022
      Dz_down: -0.022
  wang_mlc:
    ros__parameters:
      Ts: 100.0         #ms
      delta_SGLOS: 1.0
      k_u_tar: 2.0
      taud: 5.0
      path_d: 0 
      flag: False     #True signo igual False invertido
  ref_mlc:
    ros__parameters:
      Dis_ref: True     #Referencia por escalones o continua
  
