control:
  rc_handler:
    ros__parameters:
      #origin: [37.307689, -5.940203, 85.37814771871618] #Lago de la vida Grande
      #origin: [37.3047028, -5.9404694, 85.37814771871618] #Lago de la vida Pequeño
      origin: [37.4191583,  -5.9989917, 63.49701432163044] #Lago de Alamillo Izq
      #origin: [37.4190694, -5.9984778, 63.49701432163044] #Lago de Alamillo Der
  observer_guille:
    ros__parameters:
      Ts: 100.0         #ms
      Xu6: 0.015655833255439
      Xu7:  0.162285711090086
      Xv10: 0.009381403474836
      Xv11: 0.003722435971776 
      Xv12: -0.012279302254610
      Xv13: -0.050058215943818
      Xr10: -0.082872491904003
      Xr11: -0.029304212206678
      Xr12: 0.065979938580103
      Xr13: 0.311856792874191
      PpWp_c1: [6.65069285238785, 0.0, 9.40914064150192, 0.0, 4.5999936111014, 0.0]
      PpWp_c2: [0.0, 6.65069285238867, 0.0, 9.40914064149671, 0.0, 4.59999396110901]
      Lpsi: [10.3703722644616, 42.7624634299732, 76.0083201484121]
  observer_liu:
    ros__parameters:
      Ts: 100.0         #ms
      Xu6: 0.015655833255439
      Xu7:  0.162285711090086
      Xv10: 0.009381403474836
      Xv11: 0.003722435971776 
      Xv12: -0.012279302254610
      Xv13: -0.050058215943818
      Xr10: -0.082872491904003
      Xr11: -0.029304212206678
      Xr12: 0.065979938580103
      Xr13: 0.311856792874191
      PpWp_c1: [6.7189695799299, 0.0, 5.10273077523022, 0.0, 1.56374424601122, 0.0]
      PpWp_c2: [0.0, 6.7189695799299, 0.0, 5.10273077523022, 0.0, 1.56374424601122]
      Lpsi: [10.3703722644616, 42.7624634299732, 76.0083201484121]
  ref_llc:
    ros__parameters:
      reference_mode: True     #False sin mode and True lineal mode
  ifac_llc:
    ros__parameters:
      Ts: 100.0         #ms
      sm_gain_ku: 0.4
      sm_gain_ki: 0.012
      sm_gain_kpsi: 0.075
      sm_gain_kr: 0.5
      taud: 200
      Su_en: 1.0
      Sr_en: 1.0
      IGr_max: 0.0235 
      IGu_max: 0.1770
      Xu6: -0.0218397580300401
      Xu7:  0.0601133282190607
      Xr11: -0.0305902738713643
      Xr13: 0.231543575149359
  wang_mlc:
    ros__parameters:
      Ts: 100.0         #ms
      delta_SGLOS: 1.0
      k_u_tar: 2.0
      taud: 7.0
      path_d: 0 
      flag: False     #True signo igual False invertido
  ref_mlc:
    ros__parameters:
      Dis_ref: True     #Referencia por escalones o continua
  
